-6.143122623140495620e-01
-6.152416302479338794e-01
-6.171003662809917412e-01
-6.152416302479338794e-01
-6.161709983471073127e-01
-6.171003662809917412e-01
-6.143122623140495620e-01
-6.161709983471073127e-01
-6.189591023140494919e-01
-6.161709983471073127e-01
-6.161709983471073127e-01
-6.161709983471073127e-01
-6.143122623140495620e-01
-6.133828940495866799e-01
-6.143122623140495620e-01
-6.171003662809917412e-01
-6.161709983471073127e-01
-6.143122623140495620e-01
-6.152416302479338794e-01
-6.180297343801652854e-01
-6.180297343801652854e-01
-6.161709983471073127e-01
-6.124535261487602522e-01
-6.031598459504131649e-01
-5.604089173553719050e-01
-4.618959041322313608e-01
-2.899628099173553464e-01
-1.394051239669424902e-02
5.092936859504133551e-01
1.000000000000000000e+00
9.302974049586776317e-01
5.994423801652892791e-01
9.293680991735531194e-02
-3.773234214876032278e-01
-6.830854975206610558e-01
-7.918215537190081976e-01
-7.685873553719008155e-01
-7.156133768595041023e-01
-7.063196975206611494e-01
-7.258364264462809912e-01
-8.029739669421487314e-01
-9.265799173553719292e-01
-1.000000000000000000e+00
-9.804832727272726478e-01
-9.368029752066114879e-01
-9.860594710743801894e-01
-9.144981322314049699e-01
-7.908921818181817720e-01
-7.184014809917355082e-01
-6.933085454545453441e-01
-6.821561289256197202e-01
-6.812267603305784958e-01
-6.793680247933884253e-01
-6.672862413223139555e-01
-6.626393999999999895e-01
-6.552044545454545066e-01
-6.617100330578511436e-01
-6.617100330578511436e-01
-6.607806628099173185e-01
-6.570631900826446881e-01
-6.561338231404958421e-01
-6.589219272727272481e-01
-6.514869834710743657e-01
-6.496282462809916947e-01
-6.431226710743800368e-01
-6.486988793388428487e-01
-6.505576148760330302e-01
-6.579925586776859125e-01
-6.579925586776859125e-01
-6.524163504132231006e-01
-6.570631900826446881e-01
-6.552044545454545066e-01
-6.505576148760330302e-01
-6.514869834710743657e-01
-6.496282462809916947e-01
-6.440520380165288827e-01
-6.459107752066115538e-01
-6.486988793388428487e-01
-6.468401421487602887e-01
-6.440520380165288827e-01
-6.440520380165288827e-01
-6.459107752066115538e-01
-6.421933024793388123e-01
-6.412639355371900773e-01
-6.366170942148760004e-01
-6.421933024793388123e-01
-6.421933024793388123e-01
-6.431226710743800368e-01
-6.403345669421487418e-01
-6.412639355371900773e-01
-6.449814066115702182e-01
-6.421933024793388123e-01
-6.403345669421487418e-01
-6.403345669421487418e-01
-6.403345669421487418e-01
-6.375464628099172248e-01
-6.384758314049585604e-01
-6.366170942148760004e-01
-6.384758314049585604e-01
-6.375464628099172248e-01
-6.366170942148760004e-01
-6.328996231404957484e-01
-6.301115190082644535e-01
-6.291821504132231180e-01
-6.282527834710742720e-01
-6.310408859504131884e-01
-6.282527834710742720e-01
-6.301115190082644535e-01
-6.282527834710742720e-01
-6.282527834710742720e-01
-6.273234147107438208e-01
-6.273234147107438208e-01
-6.319702545454544129e-01
-6.282527834710742720e-01
-6.263940464462809388e-01
-6.254646785123967323e-01
-6.236059424793387596e-01
-6.282527834710742720e-01
-6.254646785123967323e-01
-6.254646785123967323e-01
-6.254646785123967323e-01
-6.254646785123967323e-01
-6.273234147107438208e-01
-6.263940464462809388e-01
-6.254646785123967323e-01
-6.236059424793387596e-01
-6.217472064462810089e-01
-6.236059424793387596e-01
-6.236059424793387596e-01
-6.226765745454545531e-01
-6.208178385123966914e-01
-6.189591023140494919e-01
-6.245353105785123038e-01
-6.189591023140494919e-01
-6.189591023140494919e-01
-6.208178385123966914e-01
-6.198884702479339204e-01
-6.208178385123966914e-01
-6.189591023140494919e-01
-6.189591023140494919e-01
-6.180297343801652854e-01
-6.171003662809917412e-01
-6.180297343801652854e-01
-6.180297343801652854e-01
-6.180297343801652854e-01
-6.180297343801652854e-01
-6.180297343801652854e-01
-6.171003662809917412e-01
-6.189591023140494919e-01
-6.152416302479338794e-01
-6.161709983471073127e-01
-6.161709983471073127e-01
-6.161709983471073127e-01
-6.180297343801652854e-01
-6.189591023140494919e-01
-6.180297343801652854e-01
-6.143122623140495620e-01
-6.143122623140495620e-01
-6.152416302479338794e-01
-6.180297343801652854e-01
-6.180297343801652854e-01
-6.161709983471073127e-01
-6.189591023140494919e-01
-6.133828940495866799e-01
-6.152416302479338794e-01
-6.133828940495866799e-01
-6.124535261487602522e-01
-6.143122623140495620e-01
-6.133828940495866799e-01
-6.133828940495866799e-01
-6.161709983471073127e-01
-6.133828940495866799e-01
-6.152416302479338794e-01
-6.133828940495866799e-01
-6.105947901157025015e-01
-6.133828940495866799e-01
-6.133828940495866799e-01
-6.143122623140495620e-01
-6.133828940495866799e-01
-6.115241581322313769e-01
-6.133828940495866799e-01
-6.133828940495866799e-01
-6.143122623140495620e-01
-6.115241581322313769e-01
-6.124535261487602522e-01
-6.133828940495866799e-01
-6.105947901157025015e-01
-6.096654220661157364e-01
-6.133828940495866799e-01
-6.115241581322313769e-01
-6.115241581322313769e-01
-6.105947901157025015e-01
-6.143122623140495620e-01
-6.096654220661157364e-01
-6.115241581322313769e-01
-6.124535261487602522e-01
-6.115241581322313769e-01
-6.096654220661157364e-01
-6.078066861157025436e-01
-6.096654220661157364e-01
-6.059479499173553441e-01
-6.087360540495867500e-01
-6.059479499173553441e-01
-6.096654220661157364e-01
-6.059479499173553441e-01
-6.050185819834710266e-01
-6.078066861157025436e-01
-6.096654220661157364e-01
-6.105947901157025015e-01
-6.068773178512396616e-01
-6.105947901157025015e-01
-6.078066861157025436e-01
-6.078066861157025436e-01
-6.059479499173553441e-01
-6.059479499173553441e-01
-6.078066861157025436e-01
-6.050185819834710266e-01
-6.050185819834710266e-01
-6.050185819834710266e-01
-6.078066861157025436e-01
-6.068773178512396616e-01
-6.087360540495867500e-01
-6.050185819834710266e-01
-6.059479499173553441e-01
-6.013011097520660764e-01
-6.050185819834710266e-01
-6.040892138842974823e-01
-6.059479499173553441e-01
-6.078066861157025436e-01
-6.040892138842974823e-01
-6.031598459504131649e-01
-6.022304778512397316e-01
-6.050185819834710266e-01
-6.087360540495867500e-01
-6.031598459504131649e-01
-6.040892138842974823e-01
-6.022304778512397316e-01
-6.040892138842974823e-01
-6.022304778512397316e-01
-6.059479499173553441e-01
-6.031598459504131649e-01
-6.022304778512397316e-01
-6.022304778512397316e-01
-6.040892138842974823e-01
-6.022304778512397316e-01
-6.022304778512397316e-01
-6.022304778512397316e-01
-6.013011097520660764e-01
-6.003717416528925321e-01
-6.031598459504131649e-01
-6.022304778512397316e-01
-6.050185819834710266e-01
-6.031598459504131649e-01
-6.040892138842974823e-01
-5.985130057851238972e-01
-5.994423737190082146e-01
-6.013011097520660764e-01
-6.022304778512397316e-01
-6.031598459504131649e-01
-6.022304778512397316e-01
-6.013011097520660764e-01
-6.013011097520660764e-01
-6.022304778512397316e-01
-6.031598459504131649e-01
-6.003717416528925321e-01
-6.013011097520660764e-01
-5.975836376859504639e-01
-5.994423737190082146e-01
-6.003717416528925321e-01
-5.975836376859504639e-01
-6.003717416528925321e-01
-5.975836376859504639e-01
-5.985130057851238972e-01
-6.003717416528925321e-01
-6.003717416528925321e-01
-6.003717416528925321e-01
-5.994423737190082146e-01
-5.966542697520660354e-01
-5.975836376859504639e-01
-5.966542697520660354e-01
-5.975836376859504639e-01
-5.975836376859504639e-01
-5.975836376859504639e-01
-5.985130057851238972e-01
-6.013011097520660764e-01
-5.985130057851238972e-01
-5.957249016528924912e-01
-5.957249016528924912e-01
-5.985130057851238972e-01
-5.966542697520660354e-01
-5.994423737190082146e-01
-5.985130057851238972e-01
-5.966542697520660354e-01
-5.975836376859504639e-01
-5.957249016528924912e-01
-5.957249016528924912e-01
-5.966542697520660354e-01
-5.938661652892561760e-01
-5.966542697520660354e-01
-5.975836376859504639e-01
-5.994423737190082146e-01
-5.994423737190082146e-01
-5.966542697520660354e-01
-5.985130057851238972e-01
-5.985130057851238972e-01
-5.966542697520660354e-01
-5.994423737190082146e-01
-5.957249016528924912e-01
-5.985130057851238972e-01
-5.938661652892561760e-01
-5.947955335537189470e-01
-5.994423737190082146e-01
-5.966542697520660354e-01
-5.920074297520661055e-01
-5.947955335537189470e-01
-5.975836376859504639e-01
-5.985130057851238972e-01
-5.966542697520660354e-01
-5.966542697520660354e-01
-5.938661652892561760e-01
-5.947955335537189470e-01
-5.975836376859504639e-01
-6.013011097520660764e-01
-5.975836376859504639e-01
-5.938661652892561760e-01
-5.966542697520660354e-01
-5.975836376859504639e-01
-5.947955335537189470e-01
-5.975836376859504639e-01
-5.994423737190082146e-01
-5.966542697520660354e-01
-5.929367966942148405e-01
-5.947955335537189470e-01
-5.975836376859504639e-01
-5.966542697520660354e-01
-5.920074297520661055e-01
-6.003717416528925321e-01
-5.975836376859504639e-01
-5.957249016528924912e-01
-5.975836376859504639e-01
-5.947955335537189470e-01
-5.947955335537189470e-01
-5.947955335537189470e-01
-5.957249016528924912e-01
-5.966542697520660354e-01
-5.947955335537189470e-01
-5.947955335537189470e-01
-5.975836376859504639e-01
-5.957249016528924912e-01
-5.985130057851238972e-01
-5.975836376859504639e-01
-5.938661652892561760e-01
-5.966542697520660354e-01
-5.947955335537189470e-01
-5.975836376859504639e-01
-5.966542697520660354e-01
-5.947955335537189470e-01
-5.938661652892561760e-01
-5.938661652892561760e-01
-5.947955335537189470e-01
-5.975836376859504639e-01
-5.920074297520661055e-01
-5.938661652892561760e-01
-5.966542697520660354e-01
-5.957249016528924912e-01
-5.929367966942148405e-01
-5.910780611570247700e-01
-5.957249016528924912e-01
-5.938661652892561760e-01
-5.947955335537189470e-01
-5.966542697520660354e-01
-5.947955335537189470e-01
-5.920074297520661055e-01
-5.929367966942148405e-01
-5.929367966942148405e-01
-5.929367966942148405e-01
-5.947955335537189470e-01
-5.947955335537189470e-01
-5.966542697520660354e-01
-5.975836376859504639e-01
-5.966542697520660354e-01
-5.938661652892561760e-01
-5.929367966942148405e-01
-5.938661652892561760e-01
-5.966542697520660354e-01
-5.966542697520660354e-01
-5.947955335537189470e-01
-5.957249016528924912e-01
-5.966542697520660354e-01
-5.947955335537189470e-01
-5.957249016528924912e-01
-5.929367966942148405e-01
-5.938661652892561760e-01
-5.920074297520661055e-01
-5.929367966942148405e-01
-5.975836376859504639e-01
-5.957249016528924912e-01
-5.929367966942148405e-01
-5.957249016528924912e-01
-5.947955335537189470e-01
-5.966542697520660354e-01
-5.957249016528924912e-01
-5.957249016528924912e-01
-5.947955335537189470e-01
-5.929367966942148405e-01
-5.938661652892561760e-01
-5.985130057851238972e-01
-5.938661652892561760e-01
-5.938661652892561760e-01
-5.975836376859504639e-01
-5.966542697520660354e-01
-5.947955335537189470e-01
-5.947955335537189470e-01
-5.957249016528924912e-01
-5.966542697520660354e-01
-5.966542697520660354e-01
-5.947955335537189470e-01
-5.966542697520660354e-01
-5.947955335537189470e-01
-5.975836376859504639e-01
-5.985130057851238972e-01
-5.957249016528924912e-01
-5.957249016528924912e-01
-5.966542697520660354e-01
-5.957249016528924912e-01
-5.929367966942148405e-01
-5.985130057851238972e-01
-5.985130057851238972e-01
-5.966542697520660354e-01
-5.975836376859504639e-01
-5.966542697520660354e-01
-5.966542697520660354e-01
-5.975836376859504639e-01
-5.985130057851238972e-01
-5.957249016528924912e-01
-5.966542697520660354e-01
-5.966542697520660354e-01
-5.947955335537189470e-01
-5.957249016528924912e-01
-5.985130057851238972e-01
-5.985130057851238972e-01
-5.994423737190082146e-01
-5.994423737190082146e-01
-5.994423737190082146e-01
-5.975836376859504639e-01
-5.975836376859504639e-01
-5.966542697520660354e-01
-5.985130057851238972e-01
-6.003717416528925321e-01
-6.013011097520660764e-01
-5.994423737190082146e-01
-5.985130057851238972e-01
-6.003717416528925321e-01
-5.966542697520660354e-01
-5.975836376859504639e-01
-6.003717416528925321e-01
-6.003717416528925321e-01
-6.003717416528925321e-01
-6.040892138842974823e-01
-6.022304778512397316e-01
-6.040892138842974823e-01
-6.031598459504131649e-01
-6.022304778512397316e-01
-6.031598459504131649e-01
-6.031598459504131649e-01
-6.013011097520660764e-01
-6.003717416528925321e-01
-5.994423737190082146e-01
-6.022304778512397316e-01
-6.003717416528925321e-01
-6.013011097520660764e-01
-6.013011097520660764e-01
-6.003717416528925321e-01
-6.022304778512397316e-01
-6.031598459504131649e-01
-6.022304778512397316e-01
-6.003717416528925321e-01
-6.003717416528925321e-01
-6.013011097520660764e-01
-6.031598459504131649e-01
-6.040892138842974823e-01
-6.050185819834710266e-01
-6.050185819834710266e-01
-6.003717416528925321e-01
-6.059479499173553441e-01
-6.031598459504131649e-01
-6.031598459504131649e-01
-6.022304778512397316e-01
-6.031598459504131649e-01
-6.022304778512397316e-01
-6.022304778512397316e-01
-6.003717416528925321e-01
-6.013011097520660764e-01
-6.022304778512397316e-01
-6.031598459504131649e-01
-6.022304778512397316e-01
-6.059479499173553441e-01
-6.013011097520660764e-01
-6.022304778512397316e-01
-6.013011097520660764e-01
-6.022304778512397316e-01
-6.040892138842974823e-01
-6.059479499173553441e-01
-6.022304778512397316e-01
-6.050185819834710266e-01
-6.022304778512397316e-01
-6.031598459504131649e-01
-6.059479499173553441e-01
-6.040892138842974823e-01
-6.022304778512397316e-01
-6.022304778512397316e-01
-6.040892138842974823e-01
-6.040892138842974823e-01
-6.031598459504131649e-01
-6.031598459504131649e-01
-6.031598459504131649e-01
-6.059479499173553441e-01
-6.040892138842974823e-01
-6.068773178512396616e-01
-6.013011097520660764e-01
-6.022304778512397316e-01
-6.040892138842974823e-01
-6.059479499173553441e-01
-6.031598459504131649e-01
-6.013011097520660764e-01
-6.040892138842974823e-01
-6.050185819834710266e-01
-6.050185819834710266e-01
-6.059479499173553441e-01
-6.059479499173553441e-01
-6.068773178512396616e-01
-6.059479499173553441e-01
-6.050185819834710266e-01
-6.040892138842974823e-01
-6.031598459504131649e-01
-6.031598459504131649e-01
-6.013011097520660764e-01
-6.059479499173553441e-01
-6.050185819834710266e-01
-6.059479499173553441e-01
-6.040892138842974823e-01
-6.031598459504131649e-01
-6.040892138842974823e-01
-6.059479499173553441e-01
-6.059479499173553441e-01
-6.040892138842974823e-01
-6.022304778512397316e-01
-6.031598459504131649e-01
-6.031598459504131649e-01
-6.059479499173553441e-01
-6.068773178512396616e-01
-6.031598459504131649e-01
-6.003717416528925321e-01
-6.013011097520660764e-01
-6.078066861157025436e-01
-6.050185819834710266e-01
-6.068773178512396616e-01
-6.031598459504131649e-01
-6.059479499173553441e-01
-6.050185819834710266e-01
-6.050185819834710266e-01
-6.040892138842974823e-01
-6.022304778512397316e-01
-6.003717416528925321e-01
-6.059479499173553441e-01
-6.040892138842974823e-01
-6.022304778512397316e-01
-6.040892138842974823e-01
-6.022304778512397316e-01
-6.022304778512397316e-01
-6.078066861157025436e-01
-6.022304778512397316e-01
-6.040892138842974823e-01
-6.050185819834710266e-01
-6.050185819834710266e-01
-6.050185819834710266e-01
-6.068773178512396616e-01
-6.078066861157025436e-01
-6.040892138842974823e-01
-6.078066861157025436e-01
-6.040892138842974823e-01
-6.031598459504131649e-01
-6.022304778512397316e-01
-6.040892138842974823e-01
-6.040892138842974823e-01
-6.022304778512397316e-01
-6.040892138842974823e-01
-6.059479499173553441e-01
-6.050185819834710266e-01
-6.050185819834710266e-01
-6.050185819834710266e-01
-6.078066861157025436e-01
-6.031598459504131649e-01
-6.059479499173553441e-01
-6.050185819834710266e-01
-6.022304778512397316e-01
-6.050185819834710266e-01
-6.050185819834710266e-01
-6.040892138842974823e-01
-6.040892138842974823e-01
-6.031598459504131649e-01
-6.059479499173553441e-01
-6.059479499173553441e-01
-6.031598459504131649e-01
-6.068773178512396616e-01
-6.059479499173553441e-01
-6.068773178512396616e-01
-6.050185819834710266e-01
-6.059479499173553441e-01
-6.031598459504131649e-01
-6.040892138842974823e-01
-6.040892138842974823e-01
-6.040892138842974823e-01
-6.059479499173553441e-01
-6.050185819834710266e-01
-6.059479499173553441e-01
-6.087360540495867500e-01
-6.068773178512396616e-01
-6.059479499173553441e-01
-6.068773178512396616e-01
-6.059479499173553441e-01
-6.068773178512396616e-01
-6.059479499173553441e-01
-6.059479499173553441e-01
-6.096654220661157364e-01
-6.068773178512396616e-01
-6.078066861157025436e-01
-6.068773178512396616e-01
-6.068773178512396616e-01
-6.040892138842974823e-01
-6.068773178512396616e-01
-6.068773178512396616e-01
-6.040892138842974823e-01
-6.040892138842974823e-01
-6.059479499173553441e-01
-6.068773178512396616e-01
-6.068773178512396616e-01
-6.068773178512396616e-01
-6.078066861157025436e-01
-6.078066861157025436e-01
-6.068773178512396616e-01
-6.059479499173553441e-01
-6.078066861157025436e-01
-6.087360540495867500e-01
-6.078066861157025436e-01
-6.050185819834710266e-01
-6.068773178512396616e-01
-6.059479499173553441e-01
-6.059479499173553441e-01
-6.040892138842974823e-01
-6.059479499173553441e-01
-6.096654220661157364e-01
-6.105947901157025015e-01
-6.059479499173553441e-01
-6.059479499173553441e-01
-6.087360540495867500e-01
-6.087360540495867500e-01
-6.105947901157025015e-01
-6.105947901157025015e-01
-6.068773178512396616e-01
-6.087360540495867500e-01
-6.087360540495867500e-01
-6.068773178512396616e-01
-6.087360540495867500e-01
-6.096654220661157364e-01
-6.078066861157025436e-01
-6.087360540495867500e-01
-6.087360540495867500e-01
-6.087360540495867500e-01
-6.087360540495867500e-01
-6.096654220661157364e-01
-6.105947901157025015e-01
-6.115241581322313769e-01
-6.105947901157025015e-01
-6.087360540495867500e-01
-6.133828940495866799e-01
-6.105947901157025015e-01
-6.096654220661157364e-01
-6.087360540495867500e-01
-6.087360540495867500e-01
-6.115241581322313769e-01
-6.087360540495867500e-01
-6.087360540495867500e-01
-6.078066861157025436e-01
-6.096654220661157364e-01
-6.105947901157025015e-01
-6.115241581322313769e-01
-6.096654220661157364e-01
-6.078066861157025436e-01
-6.096654220661157364e-01
-6.087360540495867500e-01
-6.105947901157025015e-01
-6.105947901157025015e-01
-6.105947901157025015e-01
-6.096654220661157364e-01
-6.096654220661157364e-01
-6.078066861157025436e-01
-6.105947901157025015e-01
-6.105947901157025015e-01
-6.078066861157025436e-01
-6.096654220661157364e-01
-6.105947901157025015e-01
-6.096654220661157364e-01
-6.105947901157025015e-01
-6.087360540495867500e-01
-6.087360540495867500e-01
-6.115241581322313769e-01
-6.087360540495867500e-01
-6.124535261487602522e-01
-6.068773178512396616e-01
-6.115241581322313769e-01
-6.105947901157025015e-01
-6.096654220661157364e-01
-6.105947901157025015e-01
-6.068773178512396616e-01
-6.068773178512396616e-01
-6.115241581322313769e-01
-6.096654220661157364e-01
-6.087360540495867500e-01
-6.096654220661157364e-01
-6.078066861157025436e-01
-6.078066861157025436e-01
-6.096654220661157364e-01
-6.059479499173553441e-01
-6.068773178512396616e-01
-6.105947901157025015e-01
-6.105947901157025015e-01
-6.087360540495867500e-01
-6.124535261487602522e-01
-6.105947901157025015e-01
-6.105947901157025015e-01
-6.078066861157025436e-01
-6.087360540495867500e-01
-6.050185819834710266e-01
-6.096654220661157364e-01
-6.105947901157025015e-01
-6.078066861157025436e-01
-6.096654220661157364e-01
-6.115241581322313769e-01
-6.087360540495867500e-01
-6.068773178512396616e-01
-6.096654220661157364e-01
-6.105947901157025015e-01
-6.078066861157025436e-01
-6.115241581322313769e-01
-6.096654220661157364e-01
-6.078066861157025436e-01
-6.078066861157025436e-01
-6.078066861157025436e-01
-6.078066861157025436e-01
-6.096654220661157364e-01
-6.105947901157025015e-01
-6.087360540495867500e-01
-6.096654220661157364e-01
-6.096654220661157364e-01
-6.087360540495867500e-01
-6.078066861157025436e-01
-6.040892138842974823e-01
-6.078066861157025436e-01
-6.078066861157025436e-01
-6.096654220661157364e-01
-6.078066861157025436e-01
-6.068773178512396616e-01
-6.087360540495867500e-01
-6.087360540495867500e-01
-6.096654220661157364e-01
-6.087360540495867500e-01
-6.087360540495867500e-01
-6.040892138842974823e-01
-6.040892138842974823e-01
-6.096654220661157364e-01
-6.096654220661157364e-01
-6.078066861157025436e-01
-6.115241581322313769e-01
-6.087360540495867500e-01
-6.059479499173553441e-01
-6.096654220661157364e-01
-6.068773178512396616e-01
-6.068773178512396616e-01
-6.096654220661157364e-01
-6.068773178512396616e-01
-6.059479499173553441e-01
-6.096654220661157364e-01
-6.087360540495867500e-01
-6.105947901157025015e-01
-6.078066861157025436e-01
-6.105947901157025015e-01
-6.059479499173553441e-01
-6.105947901157025015e-01
-6.078066861157025436e-01
-6.096654220661157364e-01
-6.078066861157025436e-01
-6.096654220661157364e-01
-6.078066861157025436e-01
-6.087360540495867500e-01
-6.087360540495867500e-01
-6.078066861157025436e-01
-6.078066861157025436e-01
-6.124535261487602522e-01
-6.096654220661157364e-01
-6.078066861157025436e-01
-6.078066861157025436e-01
-6.105947901157025015e-01
-6.078066861157025436e-01
-6.087360540495867500e-01
-6.087360540495867500e-01
-6.068773178512396616e-01
-6.087360540495867500e-01
-6.124535261487602522e-01
-6.096654220661157364e-01
-6.096654220661157364e-01
-6.087360540495867500e-01
-6.115241581322313769e-01
-6.087360540495867500e-01
-6.087360540495867500e-01
-6.105947901157025015e-01
-6.096654220661157364e-01
-6.087360540495867500e-01
-6.115241581322313769e-01
-6.115241581322313769e-01
-6.105947901157025015e-01
-6.096654220661157364e-01
-6.105947901157025015e-01
-6.105947901157025015e-01
-6.105947901157025015e-01
-6.096654220661157364e-01
-6.133828940495866799e-01
-6.087360540495867500e-01
-6.087360540495867500e-01
-6.096654220661157364e-01
-6.105947901157025015e-01
-6.124535261487602522e-01
-6.105947901157025015e-01
-6.115241581322313769e-01
-6.124535261487602522e-01
-6.105947901157025015e-01
-6.115241581322313769e-01
-6.124535261487602522e-01
-6.105947901157025015e-01
-6.133828940495866799e-01
-6.124535261487602522e-01
-6.133828940495866799e-01
-6.105947901157025015e-01
-6.143122623140495620e-01
-6.115241581322313769e-01
-6.143122623140495620e-01
-6.143122623140495620e-01
-6.096654220661157364e-01
-6.133828940495866799e-01
-6.115241581322313769e-01
-6.133828940495866799e-01
-6.133828940495866799e-01
-6.143122623140495620e-01
-6.115241581322313769e-01
-6.124535261487602522e-01
-6.105947901157025015e-01
-6.124535261487602522e-01
-6.198884702479339204e-01
-6.124535261487602522e-01
-6.133828940495866799e-01
-6.105947901157025015e-01
-6.115241581322313769e-01
-6.115241581322313769e-01
-6.161709983471073127e-01
-6.133828940495866799e-01
-6.143122623140495620e-01
-6.124535261487602522e-01
-6.124535261487602522e-01
-6.133828940495866799e-01
-6.152416302479338794e-01
-6.133828940495866799e-01
-6.152416302479338794e-01
-6.143122623140495620e-01
-6.124535261487602522e-01
-6.152416302479338794e-01
-6.143122623140495620e-01
-6.133828940495866799e-01
-6.115241581322313769e-01
-6.152416302479338794e-01
-6.152416302479338794e-01
-6.152416302479338794e-01
-6.124535261487602522e-01
-6.152416302479338794e-01
-6.133828940495866799e-01
-6.133828940495866799e-01
-6.143122623140495620e-01
-6.152416302479338794e-01
-6.161709983471073127e-01
-6.133828940495866799e-01
-6.161709983471073127e-01
-6.171003662809917412e-01
-6.161709983471073127e-01
-6.143122623140495620e-01
-6.152416302479338794e-01
-6.143122623140495620e-01
-6.161709983471073127e-01
-6.152416302479338794e-01
-6.161709983471073127e-01
-6.152416302479338794e-01
-6.143122623140495620e-01
-6.133828940495866799e-01
-6.161709983471073127e-01
-6.133828940495866799e-01
-6.161709983471073127e-01
-6.152416302479338794e-01
-6.152416302479338794e-01
-6.152416302479338794e-01
-6.124535261487602522e-01
-6.115241581322313769e-01
-6.115241581322313769e-01
-6.133828940495866799e-01
-6.143122623140495620e-01
-6.152416302479338794e-01
-6.133828940495866799e-01
-6.133828940495866799e-01
-6.115241581322313769e-01
-6.143122623140495620e-01
-6.124535261487602522e-01
-6.115241581322313769e-01
-6.096654220661157364e-01
-6.105947901157025015e-01
-6.143122623140495620e-01
-6.171003662809917412e-01
-6.105947901157025015e-01
-6.152416302479338794e-01
-6.115241581322313769e-01
-6.133828940495866799e-01
-6.143122623140495620e-01
-6.180297343801652854e-01
-6.115241581322313769e-01
-6.152416302479338794e-01
-6.143122623140495620e-01
-6.115241581322313769e-01
-6.124535261487602522e-01
-6.133828940495866799e-01
-6.124535261487602522e-01
-6.143122623140495620e-01
-6.133828940495866799e-01
-6.171003662809917412e-01
-6.180297343801652854e-01
-6.133828940495866799e-01
-6.171003662809917412e-01
-6.133828940495866799e-01
-6.143122623140495620e-01
-6.133828940495866799e-01
-6.133828940495866799e-01
-6.124535261487602522e-01
-6.143122623140495620e-01
-6.133828940495866799e-01
-6.152416302479338794e-01
-6.115241581322313769e-01
-6.124535261487602522e-01
-6.115241581322313769e-01
-6.096654220661157364e-01
-6.143122623140495620e-01
-6.133828940495866799e-01
-6.124535261487602522e-01
-6.105947901157025015e-01
-6.124535261487602522e-01
-6.105947901157025015e-01
-6.096654220661157364e-01
-6.124535261487602522e-01
-6.105947901157025015e-01
-6.124535261487602522e-01
-6.115241581322313769e-01
-6.143122623140495620e-01
-6.105947901157025015e-01
-6.143122623140495620e-01
-6.105947901157025015e-01
-6.133828940495866799e-01
-6.087360540495867500e-01
-6.105947901157025015e-01
-6.124535261487602522e-01
-6.124535261487602522e-01
-6.087360540495867500e-01
-6.105947901157025015e-01
-6.133828940495866799e-01
-6.124535261487602522e-01
-6.133828940495866799e-01
-6.115241581322313769e-01
-6.115241581322313769e-01
-6.115241581322313769e-01
-6.115241581322313769e-01
-6.124535261487602522e-01
-6.124535261487602522e-01
-6.096654220661157364e-01
-6.096654220661157364e-01
-6.105947901157025015e-01
-6.124535261487602522e-01
-6.133828940495866799e-01
-6.133828940495866799e-01
-6.115241581322313769e-01
-6.105947901157025015e-01
-6.105947901157025015e-01
-6.115241581322313769e-01
-6.133828940495866799e-01
-6.124535261487602522e-01
-6.133828940495866799e-01
-6.087360540495867500e-01
-6.124535261487602522e-01
-6.105947901157025015e-01
-6.124535261487602522e-01
-6.133828940495866799e-01
-6.105947901157025015e-01
-6.124535261487602522e-01
-6.115241581322313769e-01
-6.124535261487602522e-01
-6.115241581322313769e-01
-6.143122623140495620e-01
-6.133828940495866799e-01
-6.143122623140495620e-01
-6.105947901157025015e-01
-6.124535261487602522e-01
-6.124535261487602522e-01
-6.161709983471073127e-01
-6.115241581322313769e-01
-6.133828940495866799e-01
-6.105947901157025015e-01
-6.152416302479338794e-01
-6.171003662809917412e-01
-6.152416302479338794e-01
-6.096654220661157364e-01
-6.105947901157025015e-01
-6.143122623140495620e-01
-6.133828940495866799e-01
-6.124535261487602522e-01
-6.133828940495866799e-01
-6.152416302479338794e-01
-6.105947901157025015e-01
-6.133828940495866799e-01
-6.105947901157025015e-01
-6.124535261487602522e-01
-6.133828940495866799e-01
-6.161709983471073127e-01
-6.124535261487602522e-01
-6.124535261487602522e-01
-6.115241581322313769e-01
-6.143122623140495620e-01
-6.143122623140495620e-01
-6.133828940495866799e-01
-6.189591023140494919e-01
-6.152416302479338794e-01
-6.143122623140495620e-01
-6.161709983471073127e-01
-6.143122623140495620e-01
-6.152416302479338794e-01
-6.143122623140495620e-01
-6.143122623140495620e-01
-6.133828940495866799e-01
-6.124535261487602522e-01
-6.152416302479338794e-01
-6.171003662809917412e-01
-6.161709983471073127e-01
-6.152416302479338794e-01
-6.115241581322313769e-01
-6.115241581322313769e-01
-6.152416302479338794e-01
-6.161709983471073127e-01
-6.124535261487602522e-01
-6.133828940495866799e-01
-6.124535261487602522e-01
-6.133828940495866799e-01
-6.143122623140495620e-01
-6.171003662809917412e-01
-6.143122623140495620e-01
-6.152416302479338794e-01
-6.180297343801652854e-01
-6.180297343801652854e-01
-6.143122623140495620e-01
-6.143122623140495620e-01
-6.161709983471073127e-01
-6.180297343801652854e-01
-6.161709983471073127e-01
-6.171003662809917412e-01
-6.171003662809917412e-01
-6.143122623140495620e-01
-6.143122623140495620e-01
-6.152416302479338794e-01
-6.152416302479338794e-01
-6.171003662809917412e-01
-6.161709983471073127e-01
-6.180297343801652854e-01
-6.171003662809917412e-01
-6.143122623140495620e-01
-6.124535261487602522e-01
-6.161709983471073127e-01
-6.161709983471073127e-01
-6.180297343801652854e-01
-6.161709983471073127e-01
-6.133828940495866799e-01
-6.171003662809917412e-01
-6.161709983471073127e-01
-6.105947901157025015e-01
-6.180297343801652854e-01
-6.161709983471073127e-01
-6.152416302479338794e-01
-6.152416302479338794e-01
-6.133828940495866799e-01
-6.133828940495866799e-01
-6.143122623140495620e-01
-6.171003662809917412e-01
-6.171003662809917412e-01
-6.152416302479338794e-01
-6.171003662809917412e-01
-6.124535261487602522e-01
-6.180297343801652854e-01
-6.152416302479338794e-01
-6.152416302479338794e-01
-6.152416302479338794e-01
-6.143122623140495620e-01
-6.143122623140495620e-01
-6.133828940495866799e-01
-6.180297343801652854e-01
-6.143122623140495620e-01
-6.152416302479338794e-01
-6.161709983471073127e-01
-6.189591023140494919e-01
-6.180297343801652854e-01
-6.152416302479338794e-01
-6.133828940495866799e-01
-6.133828940495866799e-01
-6.161709983471073127e-01
-6.152416302479338794e-01
-6.161709983471073127e-01
-6.143122623140495620e-01
-6.143122623140495620e-01
-6.171003662809917412e-01
-6.161709983471073127e-01
-6.124535261487602522e-01
-6.152416302479338794e-01
-6.143122623140495620e-01
-6.143122623140495620e-01
-6.143122623140495620e-01
-6.161709983471073127e-01
-6.152416302479338794e-01
-6.105947901157025015e-01
-6.133828940495866799e-01
-6.143122623140495620e-01
-6.133828940495866799e-01
-6.171003662809917412e-01
-6.115241581322313769e-01
-6.171003662809917412e-01
-6.143122623140495620e-01
-6.143122623140495620e-01
-6.143122623140495620e-01
-6.152416302479338794e-01
-6.143122623140495620e-01
-6.124535261487602522e-01
-6.161709983471073127e-01
-6.161709983471073127e-01
-6.143122623140495620e-01
-6.124535261487602522e-01
-6.133828940495866799e-01
-6.133828940495866799e-01
-6.143122623140495620e-01
-6.161709983471073127e-01
-6.161709983471073127e-01
-6.115241581322313769e-01
-6.133828940495866799e-01
-6.115241581322313769e-01
-6.124535261487602522e-01
-6.133828940495866799e-01
-6.124535261487602522e-01
-6.143122623140495620e-01
-6.096654220661157364e-01
-6.143122623140495620e-01
-6.143122623140495620e-01
-6.152416302479338794e-01
-6.143122623140495620e-01
-6.133828940495866799e-01
-6.133828940495866799e-01
-6.143122623140495620e-01
-6.133828940495866799e-01
-6.124535261487602522e-01
-6.143122623140495620e-01
-6.133828940495866799e-01
-6.152416302479338794e-01
-6.124535261487602522e-01
-6.133828940495866799e-01
-6.133828940495866799e-01
-6.124535261487602522e-01
-6.124535261487602522e-01
-6.133828940495866799e-01
-6.133828940495866799e-01
-6.133828940495866799e-01
-6.133828940495866799e-01
-6.105947901157025015e-01
-6.133828940495866799e-01
-6.124535261487602522e-01
-6.133828940495866799e-01
-6.124535261487602522e-01
-6.152416302479338794e-01
-6.152416302479338794e-01
-6.124535261487602522e-01
-6.133828940495866799e-01
-6.124535261487602522e-01
-6.115241581322313769e-01
-6.133828940495866799e-01
-6.133828940495866799e-01
-6.133828940495866799e-01
-6.143122623140495620e-01
-6.133828940495866799e-01
-6.143122623140495620e-01
-6.115241581322313769e-01
-6.171003662809917412e-01
-6.105947901157025015e-01
-6.143122623140495620e-01
-6.152416302479338794e-01
-6.161709983471073127e-01
-6.152416302479338794e-01
-6.124535261487602522e-01
-6.124535261487602522e-01
-6.133828940495866799e-01
-6.143122623140495620e-01
-6.133828940495866799e-01
-6.115241581322313769e-01
-6.115241581322313769e-01
-6.143122623140495620e-01
-6.124535261487602522e-01
-6.161709983471073127e-01
-6.152416302479338794e-01
-6.143122623140495620e-01
-6.115241581322313769e-01
-6.133828940495866799e-01
-6.161709983471073127e-01
-6.143122623140495620e-01
-6.152416302479338794e-01
-6.152416302479338794e-01
-6.161709983471073127e-01
-6.171003662809917412e-01
-6.124535261487602522e-01
-6.143122623140495620e-01
-6.143122623140495620e-01
-6.133828940495866799e-01
-6.133828940495866799e-01
-6.115241581322313769e-01
-6.152416302479338794e-01
-6.171003662809917412e-01
-6.133828940495866799e-01
-6.133828940495866799e-01
-6.143122623140495620e-01
-6.161709983471073127e-01
-6.152416302479338794e-01
-6.161709983471073127e-01
-6.143122623140495620e-01
-6.161709983471073127e-01
-6.161709983471073127e-01
-6.143122623140495620e-01
-6.143122623140495620e-01
-6.143122623140495620e-01
-6.152416302479338794e-01
-6.161709983471073127e-01
-6.180297343801652854e-01
-6.171003662809917412e-01
-6.152416302479338794e-01
-6.152416302479338794e-01
-6.180297343801652854e-01
-6.180297343801652854e-01
-6.161709983471073127e-01
-6.171003662809917412e-01
-6.152416302479338794e-01
-6.152416302479338794e-01
-6.143122623140495620e-01
-6.161709983471073127e-01
-6.171003662809917412e-01
-6.161709983471073127e-01
-6.143122623140495620e-01
-6.198884702479339204e-01
-6.161709983471073127e-01
-6.171003662809917412e-01
-6.180297343801652854e-01
-6.161709983471073127e-01
-6.171003662809917412e-01
-6.161709983471073127e-01
-6.198884702479339204e-01
-6.180297343801652854e-01
-6.152416302479338794e-01
-6.171003662809917412e-01
-6.180297343801652854e-01
-6.161709983471073127e-01
-6.161709983471073127e-01
-6.189591023140494919e-01
-6.152416302479338794e-01
-6.189591023140494919e-01
-6.152416302479338794e-01
-6.152416302479338794e-01
-6.133828940495866799e-01
-6.189591023140494919e-01
-6.161709983471073127e-01
-6.189591023140494919e-01
-6.198884702479339204e-01
-6.152416302479338794e-01
-6.189591023140494919e-01
-6.198884702479339204e-01
-6.171003662809917412e-01
-6.171003662809917412e-01
-6.189591023140494919e-01
-6.189591023140494919e-01
-6.180297343801652854e-01
-6.161709983471073127e-01
-6.180297343801652854e-01
-6.180297343801652854e-01
-6.161709983471073127e-01
-6.180297343801652854e-01
-6.189591023140494919e-01
-6.161709983471073127e-01
-6.198884702479339204e-01
-6.180297343801652854e-01
-6.161709983471073127e-01
-6.171003662809917412e-01
-6.198884702479339204e-01
-6.180297343801652854e-01
-6.171003662809917412e-01
-6.171003662809917412e-01
-6.171003662809917412e-01
-6.143122623140495620e-01
-6.198884702479339204e-01
-6.180297343801652854e-01
-6.152416302479338794e-01
-6.143122623140495620e-01
-6.180297343801652854e-01
-6.171003662809917412e-01
-6.198884702479339204e-01
-6.152416302479338794e-01
-6.152416302479338794e-01
-6.180297343801652854e-01
-6.152416302479338794e-01
-6.161709983471073127e-01
-6.152416302479338794e-01
-6.152416302479338794e-01
-6.124535261487602522e-01
-6.133828940495866799e-01
-6.171003662809917412e-01
-6.180297343801652854e-01
-6.171003662809917412e-01
-6.189591023140494919e-01
-6.171003662809917412e-01
-6.152416302479338794e-01
-6.161709983471073127e-01
-6.152416302479338794e-01
-6.161709983471073127e-01
-6.152416302479338794e-01
-6.133828940495866799e-01
-6.171003662809917412e-01
-6.161709983471073127e-01
-6.171003662809917412e-01
-6.161709983471073127e-01
-6.189591023140494919e-01
-6.180297343801652854e-01
-6.161709983471073127e-01
-6.171003662809917412e-01
-6.171003662809917412e-01
-6.124535261487602522e-01
-6.143122623140495620e-01
-6.171003662809917412e-01
-6.198884702479339204e-01
-6.143122623140495620e-01
-6.133828940495866799e-01
-6.143122623140495620e-01
-6.152416302479338794e-01
-6.161709983471073127e-01
-6.124535261487602522e-01
-6.143122623140495620e-01
-6.171003662809917412e-01
-6.171003662809917412e-01
-6.124535261487602522e-01
-6.161709983471073127e-01
-6.143122623140495620e-01
-6.143122623140495620e-01
-6.161709983471073127e-01
-6.161709983471073127e-01
-6.161709983471073127e-01
-6.152416302479338794e-01
-6.152416302479338794e-01
-6.161709983471073127e-01
-6.143122623140495620e-01
-6.161709983471073127e-01
-6.161709983471073127e-01
-6.161709983471073127e-01
-6.171003662809917412e-01
-6.171003662809917412e-01
-6.152416302479338794e-01
-6.161709983471073127e-01
-6.152416302479338794e-01
-6.161709983471073127e-01
-6.161709983471073127e-01
-6.161709983471073127e-01
-6.143122623140495620e-01
-6.161709983471073127e-01
-6.143122623140495620e-01
-6.152416302479338794e-01
-6.180297343801652854e-01
-6.152416302479338794e-01
-6.180297343801652854e-01
-6.133828940495866799e-01
-6.124535261487602522e-01
-6.133828940495866799e-01
-6.152416302479338794e-01
-6.133828940495866799e-01
-6.171003662809917412e-01
-6.152416302479338794e-01
-6.152416302479338794e-01
-6.133828940495866799e-01
-6.143122623140495620e-01
-6.152416302479338794e-01
-6.161709983471073127e-01
-6.143122623140495620e-01
-6.180297343801652854e-01
-6.161709983471073127e-01
-6.171003662809917412e-01
-6.180297343801652854e-01
-6.133828940495866799e-01
-6.161709983471073127e-01
-6.161709983471073127e-01
-6.152416302479338794e-01
-6.189591023140494919e-01
-6.161709983471073127e-01
-6.133828940495866799e-01
-6.171003662809917412e-01
-6.171003662809917412e-01
-6.180297343801652854e-01
-6.171003662809917412e-01
-6.161709983471073127e-01
-6.171003662809917412e-01
-6.143122623140495620e-01
-6.161709983471073127e-01
-6.161709983471073127e-01
-6.152416302479338794e-01
-6.152416302479338794e-01
-6.143122623140495620e-01
-6.161709983471073127e-01
-6.208178385123966914e-01
-6.189591023140494919e-01
-6.189591023140494919e-01
-6.171003662809917412e-01
-6.143122623140495620e-01
-6.189591023140494919e-01
-6.171003662809917412e-01
-6.180297343801652854e-01
-6.171003662809917412e-01
-6.180297343801652854e-01
-6.180297343801652854e-01
-6.180297343801652854e-01
-6.189591023140494919e-01
-6.180297343801652854e-01
-6.152416302479338794e-01
-6.180297343801652854e-01
-6.208178385123966914e-01
-6.161709983471073127e-01
-6.180297343801652854e-01
-6.189591023140494919e-01
-6.189591023140494919e-01
-6.198884702479339204e-01
-6.171003662809917412e-01
-6.180297343801652854e-01
-6.180297343801652854e-01
-6.208178385123966914e-01
-6.180297343801652854e-01
-6.198884702479339204e-01
-6.189591023140494919e-01
-6.189591023140494919e-01
-6.198884702479339204e-01
-6.217472064462810089e-01
-6.198884702479339204e-01
-6.189591023140494919e-01
-6.189591023140494919e-01
-6.208178385123966914e-01
-6.189591023140494919e-01
-6.180297343801652854e-01
-6.189591023140494919e-01
-6.208178385123966914e-01
-6.189591023140494919e-01
-6.171003662809917412e-01
-6.189591023140494919e-01
-6.189591023140494919e-01
-6.198884702479339204e-01
-6.189591023140494919e-01
-6.198884702479339204e-01
-6.189591023140494919e-01
-6.226765745454545531e-01
-6.152416302479338794e-01
-6.180297343801652854e-01
-6.198884702479339204e-01
-6.189591023140494919e-01
-6.180297343801652854e-01
-6.198884702479339204e-01
-6.180297343801652854e-01
-6.189591023140494919e-01
-6.180297343801652854e-01
-6.161709983471073127e-01
-6.180297343801652854e-01
-6.189591023140494919e-01
-6.189591023140494919e-01
-6.217472064462810089e-01
-6.171003662809917412e-01
-6.217472064462810089e-01
-6.189591023140494919e-01
-6.217472064462810089e-01
-6.208178385123966914e-01
-6.198884702479339204e-01
-6.189591023140494919e-01
-6.189591023140494919e-01
-6.180297343801652854e-01
-6.189591023140494919e-01
-6.180297343801652854e-01
-6.180297343801652854e-01
-6.161709983471073127e-01
-6.198884702479339204e-01
-6.180297343801652854e-01
-6.180297343801652854e-01
-6.189591023140494919e-01
-6.189591023140494919e-01
-6.226765745454545531e-01
-6.208178385123966914e-01
-6.189591023140494919e-01
-6.189591023140494919e-01
-6.198884702479339204e-01
-6.208178385123966914e-01
-6.180297343801652854e-01
-6.189591023140494919e-01
-6.161709983471073127e-01
-6.198884702479339204e-01
-6.189591023140494919e-01
-6.161709983471073127e-01
-6.180297343801652854e-01
-6.180297343801652854e-01
-6.189591023140494919e-01
-6.171003662809917412e-01
-6.189591023140494919e-01
-6.198884702479339204e-01
-6.171003662809917412e-01
-6.171003662809917412e-01
-6.171003662809917412e-01
-6.189591023140494919e-01
-6.198884702479339204e-01
-6.161709983471073127e-01
-6.171003662809917412e-01
-6.180297343801652854e-01
-6.152416302479338794e-01
-6.161709983471073127e-01
-6.171003662809917412e-01
-6.180297343801652854e-01
-6.133828940495866799e-01
-6.189591023140494919e-01
-6.180297343801652854e-01
-6.171003662809917412e-01
-6.171003662809917412e-01
-6.133828940495866799e-01
-6.161709983471073127e-01
-6.171003662809917412e-01
-6.189591023140494919e-01
-6.161709983471073127e-01
-6.161709983471073127e-01
-6.143122623140495620e-01
-6.180297343801652854e-01
-6.189591023140494919e-01
-6.133828940495866799e-01
-6.161709983471073127e-01
-6.143122623140495620e-01
-6.152416302479338794e-01
-6.180297343801652854e-01
-6.152416302479338794e-01
-6.171003662809917412e-01
-6.171003662809917412e-01
-6.152416302479338794e-01
-6.152416302479338794e-01
-6.161709983471073127e-01
-6.152416302479338794e-01
-6.161709983471073127e-01
-6.152416302479338794e-01
-6.143122623140495620e-01
-6.152416302479338794e-01
-6.189591023140494919e-01
-6.171003662809917412e-01
-6.152416302479338794e-01
-6.152416302479338794e-01
-6.171003662809917412e-01
-6.171003662809917412e-01
-6.133828940495866799e-01
-6.171003662809917412e-01
-6.161709983471073127e-01
-6.143122623140495620e-01
-6.161709983471073127e-01
-6.161709983471073127e-01
-6.161709983471073127e-01
-6.161709983471073127e-01
-6.180297343801652854e-01
-6.161709983471073127e-01
-6.180297343801652854e-01
-6.189591023140494919e-01
-6.143122623140495620e-01
-6.180297343801652854e-01
-6.180297343801652854e-01
-6.124535261487602522e-01
-6.143122623140495620e-01
-6.161709983471073127e-01
-6.171003662809917412e-01
-6.180297343801652854e-01
-6.189591023140494919e-01
-6.171003662809917412e-01
-6.171003662809917412e-01
-6.152416302479338794e-01
-6.161709983471073127e-01
-6.180297343801652854e-01
-6.152416302479338794e-01
-6.143122623140495620e-01
-6.189591023140494919e-01
-6.152416302479338794e-01
-6.152416302479338794e-01
-6.152416302479338794e-01
-6.161709983471073127e-01
-6.152416302479338794e-01
-6.161709983471073127e-01
-6.180297343801652854e-01
-6.161709983471073127e-01
-6.189591023140494919e-01
-6.143122623140495620e-01
-6.180297343801652854e-01
-6.198884702479339204e-01
-6.189591023140494919e-01
-6.152416302479338794e-01
-6.180297343801652854e-01
-6.161709983471073127e-01
-6.180297343801652854e-01
-6.180297343801652854e-01
-6.189591023140494919e-01
-6.171003662809917412e-01
-6.161709983471073127e-01
-6.198884702479339204e-01
-6.189591023140494919e-01
-6.198884702479339204e-01
-6.161709983471073127e-01
-6.171003662809917412e-01
-6.189591023140494919e-01
-6.171003662809917412e-01
-6.198884702479339204e-01
-6.171003662809917412e-01
-6.189591023140494919e-01
-6.180297343801652854e-01
-6.189591023140494919e-01
-6.180297343801652854e-01
-6.171003662809917412e-01
-6.180297343801652854e-01
-6.189591023140494919e-01
-6.171003662809917412e-01
-6.152416302479338794e-01
-6.189591023140494919e-01
-6.161709983471073127e-01
-6.217472064462810089e-01
-6.171003662809917412e-01
-6.171003662809917412e-01
-6.161709983471073127e-01
-6.208178385123966914e-01
-6.189591023140494919e-01
-6.171003662809917412e-01
-6.198884702479339204e-01
-6.217472064462810089e-01
-6.198884702479339204e-01
-6.236059424793387596e-01
-6.198884702479339204e-01
-6.217472064462810089e-01
-6.208178385123966914e-01
-6.180297343801652854e-01
-6.217472064462810089e-01
-6.217472064462810089e-01
-6.171003662809917412e-01
-6.217472064462810089e-01
-6.217472064462810089e-01
-6.208178385123966914e-01
-6.198884702479339204e-01
-6.208178385123966914e-01
-6.208178385123966914e-01
-6.198884702479339204e-01
-6.208178385123966914e-01
-6.198884702479339204e-01
-6.189591023140494919e-01
-6.189591023140494919e-01
-6.198884702479339204e-01
-6.198884702479339204e-01
-6.161709983471073127e-01
-6.217472064462810089e-01
-6.198884702479339204e-01
-6.198884702479339204e-01
-6.198884702479339204e-01
-6.180297343801652854e-01
-6.152416302479338794e-01
-6.198884702479339204e-01
-6.208178385123966914e-01
-6.198884702479339204e-01
-6.217472064462810089e-01
-6.189591023140494919e-01
-6.180297343801652854e-01
-6.208178385123966914e-01
-6.208178385123966914e-01
-6.180297343801652854e-01
-6.226765745454545531e-01
-6.217472064462810089e-01
-6.198884702479339204e-01
-6.198884702479339204e-01
-6.208178385123966914e-01
-6.189591023140494919e-01
-6.189591023140494919e-01
-6.208178385123966914e-01
-6.198884702479339204e-01
-6.217472064462810089e-01
-6.198884702479339204e-01
-6.180297343801652854e-01
-6.217472064462810089e-01
-6.171003662809917412e-01
-6.189591023140494919e-01
-6.198884702479339204e-01
-6.198884702479339204e-01
-6.161709983471073127e-01
-6.189591023140494919e-01
-6.180297343801652854e-01
-6.208178385123966914e-01
-6.198884702479339204e-01
-6.180297343801652854e-01
-6.180297343801652854e-01
-6.180297343801652854e-01
-6.180297343801652854e-01
-6.189591023140494919e-01
-6.208178385123966914e-01
-6.198884702479339204e-01
-6.171003662809917412e-01
-6.180297343801652854e-01
-6.171003662809917412e-01
-6.171003662809917412e-01
-6.171003662809917412e-01
-6.171003662809917412e-01
-6.189591023140494919e-01
-6.180297343801652854e-01
-6.189591023140494919e-01
-6.189591023140494919e-01
-6.180297343801652854e-01
-6.161709983471073127e-01
-6.180297343801652854e-01
-6.180297343801652854e-01
-6.180297343801652854e-01
-6.208178385123966914e-01
-6.161709983471073127e-01
-6.180297343801652854e-01
-6.189591023140494919e-01
-6.171003662809917412e-01
-6.189591023140494919e-01
-6.180297343801652854e-01
-6.189591023140494919e-01
-6.161709983471073127e-01
-6.180297343801652854e-01
-6.152416302479338794e-01
-6.161709983471073127e-01
-6.171003662809917412e-01
-6.161709983471073127e-01
-6.133828940495866799e-01
-6.189591023140494919e-01
-6.180297343801652854e-01
-6.180297343801652854e-01
-6.152416302479338794e-01
-6.152416302479338794e-01
-6.180297343801652854e-01
-6.171003662809917412e-01
-6.161709983471073127e-01
-6.161709983471073127e-01
-6.152416302479338794e-01
-6.152416302479338794e-01
-6.161709983471073127e-01
-6.171003662809917412e-01
-6.189591023140494919e-01
-6.161709983471073127e-01
-6.152416302479338794e-01
-6.161709983471073127e-01
-6.152416302479338794e-01
-6.161709983471073127e-01
-6.189591023140494919e-01
-6.133828940495866799e-01
-6.161709983471073127e-01
-6.198884702479339204e-01
-6.198884702479339204e-01
-6.171003662809917412e-01
-6.161709983471073127e-01
-6.143122623140495620e-01
-6.161709983471073127e-01
-6.152416302479338794e-01
-6.171003662809917412e-01
-6.171003662809917412e-01
-6.180297343801652854e-01
-6.189591023140494919e-01
-6.171003662809917412e-01
-6.171003662809917412e-01
-6.161709983471073127e-01
-6.171003662809917412e-01
-6.152416302479338794e-01
-6.180297343801652854e-01
-6.171003662809917412e-01
-6.171003662809917412e-01
-6.143122623140495620e-01
-6.180297343801652854e-01
-6.189591023140494919e-01
-6.161709983471073127e-01
-6.171003662809917412e-01
-6.189591023140494919e-01
-6.198884702479339204e-01
-6.180297343801652854e-01
-6.161709983471073127e-01
-6.152416302479338794e-01
-6.198884702479339204e-01
-6.152416302479338794e-01
-6.171003662809917412e-01
-6.161709983471073127e-01
-6.171003662809917412e-01
-6.143122623140495620e-01
-6.133828940495866799e-01
-6.171003662809917412e-01
-6.171003662809917412e-01
-6.171003662809917412e-01
-6.189591023140494919e-01
-6.171003662809917412e-01
-6.180297343801652854e-01
-6.124535261487602522e-01
-6.198884702479339204e-01
-6.189591023140494919e-01
-6.198884702479339204e-01
-6.180297343801652854e-01
-6.180297343801652854e-01
-6.189591023140494919e-01
-6.189591023140494919e-01
-6.198884702479339204e-01
-6.171003662809917412e-01
-6.198884702479339204e-01
-6.180297343801652854e-01
-6.171003662809917412e-01
-6.189591023140494919e-01
-6.189591023140494919e-01
-6.198884702479339204e-01
-6.198884702479339204e-01
-6.171003662809917412e-01
-6.208178385123966914e-01
-6.161709983471073127e-01
-6.189591023140494919e-01
-6.198884702479339204e-01
-6.171003662809917412e-01
-6.189591023140494919e-01
-6.189591023140494919e-01
-6.198884702479339204e-01
-6.171003662809917412e-01
-6.161709983471073127e-01
-6.180297343801652854e-01
-6.189591023140494919e-01
-6.143122623140495620e-01
-6.124535261487602522e-01
-6.198884702479339204e-01
-6.208178385123966914e-01
-6.198884702479339204e-01
-6.208178385123966914e-01
-6.189591023140494919e-01
-6.180297343801652854e-01
-6.198884702479339204e-01
-6.226765745454545531e-01
-6.180297343801652854e-01
-6.189591023140494919e-01
-6.171003662809917412e-01
-6.180297343801652854e-01
-6.217472064462810089e-01
-6.217472064462810089e-01
-6.208178385123966914e-01
-6.180297343801652854e-01
-6.198884702479339204e-01
-6.198884702479339204e-01
-6.180297343801652854e-01
-6.208178385123966914e-01
-6.208178385123966914e-01
-6.208178385123966914e-01
-6.180297343801652854e-01
-6.189591023140494919e-01
-6.189591023140494919e-01
-6.217472064462810089e-01
-6.217472064462810089e-01
-6.208178385123966914e-01
-6.208178385123966914e-01
-6.180297343801652854e-01
-6.189591023140494919e-01
-6.208178385123966914e-01
-6.198884702479339204e-01
-6.198884702479339204e-01
-6.208178385123966914e-01
-6.189591023140494919e-01
-6.189591023140494919e-01
-6.217472064462810089e-01
-6.217472064462810089e-01
-6.171003662809917412e-01
-6.208178385123966914e-01
-6.208178385123966914e-01
-6.208178385123966914e-01
-6.226765745454545531e-01
-6.217472064462810089e-01
-6.198884702479339204e-01
-6.208178385123966914e-01
-6.208178385123966914e-01
-6.198884702479339204e-01
-6.198884702479339204e-01
-6.198884702479339204e-01
-6.217472064462810089e-01
-6.226765745454545531e-01
-6.208178385123966914e-01
-6.198884702479339204e-01
-6.217472064462810089e-01
-6.189591023140494919e-01
-6.208178385123966914e-01
-6.189591023140494919e-01
-6.208178385123966914e-01
-6.198884702479339204e-01
-6.189591023140494919e-01
-6.161709983471073127e-01
-6.180297343801652854e-01
-6.189591023140494919e-01
-6.161709983471073127e-01
-6.198884702479339204e-01
-6.180297343801652854e-01
-6.180297343801652854e-01
-6.171003662809917412e-01
-6.171003662809917412e-01
-6.189591023140494919e-01
-6.189591023140494919e-01
-6.198884702479339204e-01
-6.180297343801652854e-01
-6.171003662809917412e-01
-6.189591023140494919e-01
-6.180297343801652854e-01
-6.189591023140494919e-01
-6.171003662809917412e-01
-6.171003662809917412e-01
-6.180297343801652854e-01
-6.198884702479339204e-01
-6.189591023140494919e-01
-6.180297343801652854e-01
-6.180297343801652854e-01
-6.189591023140494919e-01
-6.171003662809917412e-01
-6.198884702479339204e-01
-6.180297343801652854e-01
-6.208178385123966914e-01
-6.198884702479339204e-01
-6.180297343801652854e-01
-6.198884702479339204e-01
-6.198884702479339204e-01
-6.161709983471073127e-01
-6.189591023140494919e-01
-6.208178385123966914e-01
-6.180297343801652854e-01
-6.189591023140494919e-01
-6.189591023140494919e-01
-6.171003662809917412e-01
-6.180297343801652854e-01
-6.180297343801652854e-01
-6.189591023140494919e-01
-6.198884702479339204e-01
-6.189591023140494919e-01
-6.161709983471073127e-01
-6.143122623140495620e-01
-6.198884702479339204e-01
-6.180297343801652854e-01
-6.189591023140494919e-01
-6.180297343801652854e-01
-6.180297343801652854e-01
-6.161709983471073127e-01
-6.143122623140495620e-01
-6.180297343801652854e-01
-6.171003662809917412e-01
-6.180297343801652854e-01
-6.189591023140494919e-01
-6.189591023140494919e-01
-6.171003662809917412e-01
-6.180297343801652854e-01
-6.171003662809917412e-01
-6.171003662809917412e-01
-6.152416302479338794e-01
-6.180297343801652854e-01
-6.180297343801652854e-01
-6.180297343801652854e-01
-6.171003662809917412e-01
-6.171003662809917412e-01
-6.171003662809917412e-01
-6.189591023140494919e-01
-6.180297343801652854e-01
-6.189591023140494919e-01
-6.189591023140494919e-01
-6.152416302479338794e-01
-6.180297343801652854e-01
-6.152416302479338794e-01
-6.171003662809917412e-01
-6.171003662809917412e-01
-6.180297343801652854e-01
-6.180297343801652854e-01
-6.180297343801652854e-01
-6.171003662809917412e-01
-6.189591023140494919e-01
-6.152416302479338794e-01
-6.180297343801652854e-01
-6.161709983471073127e-01
-6.152416302479338794e-01
